Sample	sum_pct_a	sum_pct_c	sum_pct_g	sum_pct_t	sum_pct_n	cycle_count	mean_pct_a	mean_pct_c	mean_pct_g	mean_pct_t
OSMOTIC_STRESS_T0_PE_REP1_R1	2220.82138	1586.0821810000004	1567.5183049999998	2225.524483	0.05365	76	29.221333947368418	20.869502381578954	20.625240855263154	29.283216881578948
OSMOTIC_STRESS_T0_PE_REP1_R2	2215.2218559999997	1589.03448	1568.1793599999999	2227.483394	0.080915	76	29.147655999999994	20.908348421052633	20.63393894736842	29.30899202631579
OSMOTIC_STRESS_T0_PE_REP2_R1	2215.862630000001	1585.1191279999996	1537.7511160000001	2261.2010510000005	0.06606899999999999	76	29.15608723684212	20.85683063157894	20.233567315789475	29.752645407894743
OSMOTIC_STRESS_T0_PE_REP2_R2	2225.373626	1582.332171	1535.7697599999995	2256.393067	0.13137900000000002	76	29.281231921052633	20.820160144736843	20.207496842105257	29.689382460526314
OSMOTIC_STRESS_T100_SE_REP1	2232.607153	1570.4049909999994	1572.6150889999994	2224.281279	0.09149199999999999	76	29.376409907894736	20.663223565789465	20.69230380263157	29.266858934210525
OSMOTIC_STRESS_T100_SE_REP2	2231.4016159999996	1561.1293819999994	1556.6117490000001	2250.7519220000004	0.10532600000000003	76	29.360547578947365	20.54117607894736	20.481733539473687	29.615156868421057
OSMOTIC_STRESS_T150_SE_REP1	2228.7444950000004	1574.4293269999996	1569.7130619999996	2227.018229	0.094886	76	29.32558546052632	20.716175355263154	20.6541192368421	29.302871434210523
OSMOTIC_STRESS_T15_PE_REP1_R1	2217.8955570000003	1588.7743549999996	1566.0177529999999	2227.2537679999996	0.058558	76	29.182836276315793	20.904925723684205	20.605496749999997	29.30597063157894
OSMOTIC_STRESS_T15_PE_REP1_R2	2218.2311099999993	1590.9361900000001	1563.7998229999998	2226.9252629999996	0.10760499999999998	76	29.18725144736841	20.93337092105263	20.576313460526315	29.301648197368415
